4020022
4020023
4020024
4020025
4020047
4020048
4020049
4020050
4020051
4020052
4020071
4020073
4020077
4020098
4020100
4020101
4020102
4020126
4020127
4020128
4020150
4020151
4020152
4020153
4020175
4020176
4020177
4020178
4020179
4020180
4020199
4020201
4020205
4020226
4020228
4020229
4020230
4020254
4020255
4020256
4020019
4020020
4020021
4020043
4020044
4020045
4020046
4020072
4020074
4020075
4020076
4020095
4020096
4020097
4020099
4020123
4020124
4020125
4020147
4020148
4020149
4020171
4020172
4020173
4020174
4020200
4020202
4020203
4020204
4020223
4020224
4020225
4020227
4020251
4020252
4020253