4020054
4020055
4020056
4020057
4020058
4020059
4020060
4020061
4020062
4020063
4020064
4020065
4020066
4020067
4020068
4020069
4020070
4020071
4020072
4020073
4020074
4020075
4020076
4020077
4020078
4020079
4020080
4020081
4020082
4020083
4020084
4020085
4020086
4020087
4020088
4020089
4020090
4020091
4020092
4020093
4020094
4020095
4020096
4020097
4020098
4020099
4020100
4020101
4020102
4020103
4020104
4020105
4020106
4020107
4020108
4020109
4020110
4020111
4020112
4020113
4020114
4020115
4020116
4020117
4020118
4020119
4020120
4020121
4020122
4020123
4020124
4020125
4020126
4020127
4020128
4020129
4020130
4020131
4020132
4020133
4020134
4020135
4020136
4020137
4020138
4020139
4020140
4020141
4020142
4020143
4020144
4020145
4020146
4020147
4020148
4020149
4020150
4020151
4020152
4020153
4020154
4020155
4020156
4020157
4020158
4020159
4020160
4020161
4020162
4020163
4020164
4020165
4020166
4020167
4020168
4020169
4020170
4020171
4020172
4020173
4020174
4020175
4020176
4020177
4020178
4020179
4020180
4020181
4020182
4020183
4020184
4020185
4020186
4020187
4020188
4020189
4020190
4020191
4020192
4020193
4020194
4020195
4020196
4020197
4020198
4020199
4020200
4020201
4020202
4020203
4020204
4020205
4020206
4020207
4020208
4020209
4020210
4020211
4020212
4020213
4020214
4020215
4020216
4020217
4020218
4020219
4020220
4020221
4020222
4020223
4020224
4020225
4020226
4020227
4020228
4020229
4020230
4020231
4020232
4020233
4020234
4020235
4020236
4020237
4020238
4020239
4020240
4020241
4020242
4020243
4020244
4020245
4020246
4020247
4020248
4020249
4020250
4020251
4020252
4020253
4020254
4020255
4020256
